NULL


AAlist <- c("A", "C", "D", "E", "F", "G", "H",
    "I", "K", "L", "M", "N", "P", "Q", "R", "S",
    "T", "V", "W", "Y")
# ----------------------------------------------------------------------------
# # MHC-II contacting residue groups for DRB
# molecules
p1 <- list(c(111, 114, 115, 118), c(111, 114,
    115, 118), c(111, 114, 115, 118), c(111, 114,
    115, 118))
G1 <- list(c("N", "A", "V", "F"), c("Y", "G",
    "E", "T"), c("N", "V", "G", "F"), c("N", "V",
    "V", "F"))
p2 <- list(c(106, 107, 110, 111), c(106, 107,
    110, 111), c(106, 107, 110, 111), c(106, 107,
    110, 111), c(106, 107, 110, 111))
G2 <- list(c("T", "Y", "H", "N"), c("N", "Y",
    "H", "N"), c("T", "V", "H", "N"), c("Y", "C",
    "N", "Y"), c("T", "Y", "Y", "N"))
p3 <- list(c(103, 107), c(103, 107), c(103, 107),
    c(103, 107), c(103, 107), c(103, 107), c(103,
        107), c(103, 107))
G3 <- list(c("A", "Y"), c("E", "V"), c("E", "Y"),
    c("L", "Y"), c("Q", "V"), c("Q", "Y"), c("R",
        "Y"), c("V", "C"))
p4 <- list(c(40, 42, 43, 55, 57, 99, 100, 103,
    107), c(40, 42, 43, 55, 57, 99, 100, 103,
    107), c(40, 42, 43, 55, 57, 99, 100, 103,
    107), c(40, 42, 43, 55, 57, 99, 100, 103,
    107), c(40, 42, 43, 55, 57, 99, 100, 103,
    107), c(40, 42, 43, 55, 57, 99, 100, 103,
    107), c(40, 42, 43, 55, 57, 99, 100, 103,
    107), c(40, 42, 43, 55, 57, 99, 100, 103,
    107), c(40, 42, 43, 55, 57, 99, 100, 103,
    107), c(40, 42, 43, 55, 57, 99, 100, 103,
    107), c(40, 42, 43, 55, 57, 99, 100, 103,
    107), c(40, 42, 43, 55, 57, 99, 100, 103,
    107), c(40, 42, 43, 55, 57, 99, 100, 103,
    107), c(40, 42, 43, 55, 57, 99, 100, 103,
    107), c(40, 42, 43, 55, 57, 99, 100, 103,
    107), c(40, 42, 43, 55, 57, 99, 100, 103,
    107), c(40, 42, 43, 55, 57, 99, 100, 103,
    107), c(40, 42, 43, 55, 57, 99, 100, 103,
    107), c(40, 42, 43, 55, 57, 99, 100, 103,
    107), c(40, 42, 43, 55, 57, 99, 100, 103,
    107))

G4 <- list(c("L", "F", "E", "L", "E", "Q", "R",
    "A", "Y"), c("S", "S", "E", "Y", "D", "Q",
    "K", "R", "Y"), c("S", "S", "E", "F", "E",
    "Q", "K", "R", "Y"), c("V", "H", "E", "F",
    "D", "Q", "K", "A", "Y"), c("V", "H", "E",
    "F", "D", "Q", "R", "A", "Y"), c("G", "Y",
    "K", "F", "E", "D", "R", "Q", "V"), c("S",
    "G", "E", "F", "D", "D", "R", "L", "Y"), c("S",
    "G", "E", "F", "D", "R", "R", "V", "C"), c("D",
    "F", "E", "Y", "H", "R", "R", "E", "V"), c("S",
    "S", "E", "F", "D", "D", "R", "A", "Y"), c("S",
    "G", "E", "L", "E", "D", "R", "A", "Y"), c("S",
    "S", "E", "F", "D", "D", "E", "A", "Y"), c("S",
    "S", "E", "F", "E", "Q", "R", "A", "Y"), c("S",
    "G", "E", "F", "D", "R", "R", "E", "Y"), c("S",
    "S", "E", "F", "E", "D", "R", "L", "Y"), c("P",
    "R", "E", "F", "D", "Q", "A", "A", "Y"), c("R",
    "S", "E", "Y", "D", "Q", "K", "R", "Y"), c("L",
    "S", "E", "F", "E", "Q", "K", "Q", "Y"), c("A",
    "C", "E", "N", "I", "R", "R", "E", "Y"), c("D",
    "Y", "E", "F", "H", "D", "R", "A", "Y"))
p5 <- list(c(40, 42, 57, 59, 99, 100, 103), c(40,
    42, 57, 59, 99, 100, 103), c(40, 42, 57, 59,
    99, 100, 103), c(40, 42, 57, 59, 99, 100,
    103), c(40, 42, 57, 59, 99, 100, 103), c(40,
    42, 57, 59, 99, 100, 103), c(40, 42, 57, 59,
    99, 100, 103), c(40, 42, 57, 59, 99, 100,
    103), c(40, 42, 57, 59, 99, 100, 103), c(40,
    42, 57, 59, 99, 100, 103), c(40, 42, 57, 59,
    99, 100, 103), c(40, 42, 57, 59, 99, 100,
    103), c(40, 42, 57, 59, 99, 100, 103), c(40,
    42, 57, 59, 99, 100, 103), c(40, 42, 57, 59,
    99, 100, 103), c(40, 42, 57, 59, 99, 100,
    103), c(40, 42, 57, 59, 99, 100, 103), c(40,
    42, 57, 59, 99, 100, 103), c(40, 42, 57, 59,
    99, 100, 103), c(40, 42, 57, 59, 99, 100,
    103))
G5 <- list(c("L", "F", "E", "C", "Q", "R", "A"),
    c("S", "S", "D", "Y", "Q", "K", "R"), c("S",
        "S", "E", "Y", "Q", "K", "R"), c("V",
        "H", "D", "Y", "Q", "K", "A"), c("V",
        "H", "D", "Y", "Q", "R", "A"), c("G",
        "Y", "E", "L", "D", "R", "Q"), c("S",
        "G", "D", "Y", "D", "R", "L"), c("S",
        "G", "D", "Y", "R", "R", "V"), c("D",
        "F", "H", "G", "R", "R", "E"), c("S",
        "S", "D", "Y", "D", "R", "A"), c("S",
        "G", "E", "H", "D", "R", "A"), c("S",
        "S", "D", "Y", "D", "E", "A"), c("S",
        "S", "E", "Y", "Q", "R", "A"), c("S",
        "G", "D", "Y", "R", "R", "E"), c("S",
        "S", "E", "Y", "D", "R", "L"), c("P",
        "R", "D", "Y", "Q", "A", "A"), c("R",
        "S", "D", "Y", "Q", "K", "R"), c("L",
        "S", "E", "Y", "Q", "K", "Q"), c("A",
        "C", "I", "Y", "R", "R", "E"), c("D",
        "Y", "H", "D", "D", "R", "A"))
p6 <- list(c(38, 40, 42, 57, 59, 99, 100, 13),
    c(38, 40, 42, 57, 59, 99, 100, 13), c(38,
        40, 42, 57, 59, 99, 100, 13), c(38, 40,
        42, 57, 59, 99, 100, 13), c(38, 40, 42,
        57, 59, 99, 100, 13), c(38, 40, 42, 57,
        59, 99, 100, 13), c(38, 40, 42, 57, 59,
        99, 100, 13), c(38, 40, 42, 57, 59, 99,
        100, 13), c(38, 40, 42, 57, 59, 99, 100,
        13), c(38, 40, 42, 57, 59, 99, 100, 13),
    c(38, 40, 42, 57, 59, 99, 100, 13), c(38,
        40, 42, 57, 59, 99, 100, 13), c(38, 40,
        42, 57, 59, 99, 100, 13), c(38, 40, 42,
        57, 59, 99, 100, 13), c(38, 40, 42, 57,
        59, 99, 100, 13), c(38, 40, 42, 57, 59,
        99, 100, 13), c(38, 40, 42, 57, 59, 99,
        100, 13), c(38, 40, 42, 57, 59, 99, 100,
        13), c(38, 40, 42, 57, 59, 99, 100, 13),
    c(38, 40, 42, 57, 59, 99, 100, 13))
G6 <- list(c("W", "L", "F", "E", "C", "Q", "R",
    "A"), c("E", "S", "S", "D", "Y", "Q", "K",
    "R"), c("E", "S", "S", "E", "Y", "Q", "K",
    "R"), c("E", "V", "H", "D", "Y", "Q", "K",
    "A"), c("E", "V", "H", "D", "Y", "Q", "R",
    "A"), c("W", "G", "Y", "E", "L", "D", "R",
    "Q"), c("E", "S", "G", "D", "Y", "D", "R",
    "L"), c("E", "S", "G", "D", "Y", "R", "R",
    "V"), c("K", "D", "F", "H", "G", "R", "R",
    "E"), c("E", "S", "S", "D", "Y", "D", "R",
    "A"), c("E", "S", "G", "E", "H", "D", "R",
    "A"), c("E", "S", "S", "D", "Y", "D", "E",
    "A"), c("E", "S", "S", "E", "Y", "Q", "R",
    "A"), c("E", "S", "G", "D", "Y", "R", "R",
    "E"), c("E", "S", "S", "E", "Y", "D", "R",
    "L"), c("W", "P", "R", "D", "Y", "Q", "A",
    "A"), c("E", "R", "S", "D", "Y", "Q", "K",
    "R"), c("E", "L", "S", "E", "Y", "Q", "K",
    "Q"), c("E", "A", "C", "I", "Y", "R", "R",
    "E"), c("Q", "D", "Y", "H", "D", "D", "R",
    "A"))

p7 <- list(c(40, 57, 59, 76, 90, 96, 99, 100),
    c(40, 57, 59, 76, 90, 96, 99, 100), c(40,
        57, 59, 76, 90, 96, 99, 100), c(40, 57,
        59, 76, 90, 96, 99, 100), c(40, 57, 59,
        76, 90, 96, 99, 100), c(40, 57, 59, 76,
        90, 96, 99, 100), c(40, 57, 59, 76, 90,
        96, 99, 100), c(40, 57, 59, 76, 90, 96,
        99, 100), c(40, 57, 59, 76, 90, 96, 99,
        100), c(40, 57, 59, 76, 90, 96, 99, 100),
    c(40, 57, 59, 76, 90, 96, 99, 100), c(40,
        57, 59, 76, 90, 96, 99, 100), c(40, 57,
        59, 76, 90, 96, 99, 100), c(40, 57, 59,
        76, 90, 96, 99, 100), c(40, 57, 59, 76,
        90, 96, 99, 100), c(40, 57, 59, 76, 90,
        96, 99, 100), c(40, 57, 59, 76, 90, 96,
        99, 100), c(40, 57, 59, 76, 90, 96, 99,
        100), c(40, 57, 59, 76, 90, 96, 99, 100),
    c(40, 57, 59, 76, 90, 96, 99, 100), c(40,
        57, 59, 76, 90, 96, 99, 100))
